1.525879468650505899e+01
2.939660834083567664e+01
3.574715156054588761e+01
3.400337394022312765e+01
2.577673347608481436e+01
2.760762593668543374e+01
1.839223391162288834e+01
4.109211199971676365e+01
6.834760116613193048e+00
2.105177304814420935e+01
3.507885223146975306e+01
2.782187509195779995e+01
3.635628880529426965e+01
1.584586784263183645e+01
1.860890356049228700e+01
3.409002186615111896e+01
2.415808295359320823e+01
3.590343855467638434e+01
3.769183204780796359e+01
2.906580543684789575e+01
3.128405884770496570e+01
4.105016617908660237e+01
3.612178665712502834e+01
5.752019026029167748e+01
4.694116059145605391e+01
4.016120184726944586e+01
1.954319203275806416e+01
2.141247775792148644e+01
2.791290076837838541e+01
2.731974431043403229e+01
3.216969830487493454e+01
3.603461482623183088e+01
2.207714282823291185e+01
3.197279879054496021e+01
2.496757832766455465e+01
3.492585761014784396e+01
2.132835857313030203e+01
1.975020767209167971e+01
3.463178752388287052e+01
1.530222197856763167e+01
1.409190737059049248e+01
2.727340846166602617e+01
3.148903266634649611e+01
4.090038535329570379e+01
2.157103243196822007e+01
3.659630125273640999e+01
3.349463780195073781e+01
3.434029625151299570e+01
4.871507013783883622e+01
2.312667923981181417e+01
