1.467985937342955349e+00
1.451969357350358480e+00
1.094398836346431425e+00
1.568882304138158101e+00
1.101588079750143390e+00
1.126150029166196997e+00
7.772660445436869736e-01
9.575827573688561190e-01
1.247184043157316902e+00
1.607538170210867978e+00
1.603918597429599968e+00
1.417130347236834398e+00
1.655029746620861220e+00
4.862056129335168286e-01
9.083458076706738549e-01
2.052723419868906607e+00
1.856400478430240142e+00
8.702162650530466115e-01
1.827258888057944342e+00
1.339011486589564814e+00
2.130592800799651965e+00
1.414211813557272546e+00
1.362156143590754986e+00
1.546907212278583410e+00
1.771448667325288717e+00
1.032047121516992849e+00
1.791189788545073824e+00
2.916848382529185990e+00
1.680359900403152640e+00
1.718943721785880285e+00
1.794732035158053796e+00
2.194416723746650089e+00
1.530102185789787628e+00
1.067138033465101943e+00
1.581493913139243590e+00
1.310681562705877212e+00
1.583653343384826995e+00
1.511108373095407797e+00
1.456947403746650327e+00
1.437007238627618921e+00
1.506013591688137421e+00
1.729361241695853701e+00
1.894948381743359000e+00
2.286662442043341237e+00
1.708817418780075315e+00
1.631039455794301540e+00
2.119985596473091150e+00
1.470868777761597412e+00
7.778632415009787415e-01
1.462983915741617791e+00
1.532869636904763411e+00
1.507776308286773670e+00
2.267498245278049218e+00
1.363123882086274996e+00
1.293004555927115051e+00
1.841035766362337567e+00
1.841851714013701624e+00
1.834403818515896845e+00
1.348522268633732590e+00
1.620680763852085260e+00
1.705947850926730958e+00
1.575766847562005690e-01
8.269577261607734542e-01
1.565893270462560771e+00
1.304753916347731302e+00
9.713188741983121988e-01
1.228276615490806911e+00
1.413618944674474243e+00
1.802122702389235886e+00
1.380117830048028127e+00
1.000571751549310440e+00
1.046180099542666664e+00
1.871595305808978926e+00
1.416393490430241764e+00
2.170694803176002718e+00
2.265112903787601883e+00
1.110559447857490278e+00
1.811109767742664189e+00
1.665139995633071024e+00
1.760290013347685090e+00
1.452034207453537062e+00
1.256195381697190694e+00
1.289423840215933037e+00
2.302547156659398908e+00
1.859311119716567484e+00
9.131751121815196992e-01
1.712305689111281559e+00
1.544197317818496895e+00
1.174802102390124725e+00
1.529867020893800778e+00
1.489306886922468598e+00
8.396833798711532681e-01
1.543090547760598508e+00
2.163168926819898807e+00
1.284531356671762659e+00
1.202606370584998530e+00
1.585714200237852589e+00
1.582744853519858719e+00
1.783288464273273588e+00
1.874061682089633640e+00
