1.144287936335983187e-13
2.354654459082624084e-12
3.492244668236160634e-12
2.237886121602897718e-12
4.032078767399017177e-12
1.191001092139200355e-13
1.721490909362430518e-12
2.838443335110371255e-11
3.861401415447959009e-13
1.314648836785316509e-11
2.504388531439292039e-12
2.277623989327125269e-11
1.711578271300307884e-11
1.318948196124808999e-13
1.000000000000000030e-13
3.299237649266874773e-13
8.734381439080306759e-13
1.459862984899684548e-12
2.180024245152794730e-13
5.131298491347102819e-13
1.000000000000000030e-13
1.000000000000000036e-10
8.704929287664502858e-12
3.923612130595773340e-13
1.000000000000000030e-13
1.659361132049648379e-11
3.981453050173680471e-13
3.636299955854014686e-12
4.733168362780952399e-13
2.888986849342064146e-13
1.000000000000000030e-13
1.000000000000000030e-13
2.696089998434917408e-12
1.797491904432987862e-11
1.766384173305652013e-13
2.160013374752325778e-12
1.687615980249276385e-12
2.535544090085674562e-13
3.869788707232672567e-13
1.000000000000000030e-13
1.762701224281592731e-13
8.944467522471146237e-13
6.143900682289521564e-13
1.233074011471790173e-13
1.000000000000000030e-13
2.360951795019718986e-13
2.022733589899005233e-13
1.000000000000000030e-13
1.280234910391935961e-12
1.796186625929750770e-13
1.000000000000000030e-13
1.625402950081277268e-13
2.934359297415294875e-12
1.351899951464307408e-11
1.526819103053207335e-13
7.491568423257001177e-11
1.778302539403656777e-13
1.000000000000000030e-13
7.355543792159716138e-12
1.000000000000000030e-13
4.000423751992393426e-13
1.000000000000000030e-13
2.675518234590583931e-13
1.251183813316229714e-13
1.338172246560823562e-12
1.000000000000000030e-13
1.000000000000000030e-13
4.847857852851264586e-13
8.094347567321314232e-13
3.692988904697159416e-13
1.407008830841219510e-12
1.259200045467401638e-13
5.891721221401894230e-11
5.400739900793432421e-13
5.401034736783432749e-13
1.997081615443344021e-11
4.546785041390277090e-12
5.675311446180548701e-11
5.661761598267784049e-12
1.085229502935217815e-12
1.000000000000000030e-13
1.000000000000000030e-13
6.229678568309804759e-13
3.894264766909701392e-11
1.000000000000000030e-13
1.548625678538629752e-11
6.704393543805905067e-12
1.057946118957748886e-12
9.216426806885017138e-13
9.776255754639899764e-13
1.011443303196225146e-12
1.000000000000000036e-10
3.057175511659389354e-12
5.171272750333996396e-12
3.843724799822201049e-12
8.977957118156382798e-12
4.300388853564866680e-13
2.130190810559886696e-13
9.739108497026521201e-13
6.249322998125575196e-13
