5.339999999999999858e+00
5.351384000000000363e+00
5.372558999999999862e+00
5.388156000000000390e+00
5.389917999999999765e+00
5.377011999999999681e+00
5.354985000000000106e+00
5.322783000000000264e+00
5.295234999999999914e+00
5.269498999999999711e+00
5.254089999999999705e+00
5.251739999999999853e+00
5.268366000000000327e+00
5.303215999999999930e+00
5.346364000000000338e+00
5.412670000000000314e+00
5.480319999999999858e+00
5.545208999999999833e+00
5.604954000000000214e+00
5.668112999999999957e+00
5.715862000000000442e+00
5.761327999999999783e+00
5.782678999999999903e+00
5.811338000000000115e+00
5.825643000000000349e+00
5.830841000000000385e+00
5.836679000000000173e+00
5.834797000000000011e+00
5.824208999999999747e+00
5.807498999999999967e+00
5.788619999999999877e+00
5.762516999999999889e+00
5.724133000000000138e+00
5.701642999999999795e+00
5.669656999999999947e+00
5.652467999999999826e+00
5.636401000000000217e+00
5.630326000000000164e+00
5.632791000000000103e+00
5.643385000000000318e+00
5.668862999999999985e+00
5.705795000000000172e+00
5.745553000000000132e+00
5.786522999999999861e+00
5.829353000000000229e+00
5.860320999999999891e+00
5.869283000000000250e+00
5.877834000000000003e+00
5.872783000000000087e+00
5.867988999999999677e+00
5.866041000000000061e+00
5.855064999999999742e+00
5.847260999999999598e+00
5.838489000000000040e+00
5.830174000000000412e+00
5.816258999999999624e+00
5.815178999999999654e+00
5.811481999999999815e+00
5.814041999999999710e+00
5.817249999999999588e+00
5.815502999999999645e+00
5.816797000000000217e+00
5.829867000000000132e+00
5.848656000000000077e+00
5.880472000000000143e+00
5.907015000000000349e+00
5.916686999999999585e+00
5.921323000000000114e+00
5.913158000000000136e+00
5.895480000000000054e+00
5.876930999999999905e+00
5.859162999999999677e+00
5.849288999999999739e+00
5.839446999999999832e+00
5.841960000000000264e+00
5.851248000000000005e+00
5.866989000000000232e+00
5.880885000000000140e+00
5.886079999999999757e+00
5.879120000000000346e+00
5.853667999999999871e+00
5.819009000000000320e+00
5.777660000000000018e+00
5.733562000000000047e+00
5.711554999999999715e+00
5.718237000000000236e+00
5.759388000000000396e+00
5.831811000000000078e+00
5.899962000000000373e+00
5.977291000000000132e+00
6.043794000000000111e+00
6.093411999999999829e+00
6.125599000000000238e+00
6.143577999999999761e+00
6.142610000000000348e+00
6.138873000000000246e+00
6.113032999999999717e+00
6.078726999999999769e+00
6.045307000000000208e+00
6.013182999999999723e+00
5.982946000000000097e+00
5.958124999999999893e+00
5.938947999999999894e+00
5.923300000000000232e+00
5.914934999999999832e+00
5.907254000000000005e+00
5.897502000000000244e+00
5.887502999999999709e+00
5.879650999999999961e+00
5.871373000000000175e+00
5.865839000000000247e+00
5.864961000000000091e+00
5.868091999999999864e+00
5.893150999999999584e+00
5.935296000000000127e+00
6.006381000000000192e+00
6.075230000000000352e+00
6.148393999999999693e+00
6.215798999999999630e+00
6.255666999999999867e+00
6.274784000000000361e+00
6.272812000000000054e+00
6.257972999999999786e+00
6.234090000000000131e+00
6.213845000000000063e+00
6.202345000000000219e+00
6.197785999999999795e+00
6.195312999999999626e+00
6.193810000000000038e+00
6.194890000000000008e+00
6.197165000000000035e+00
6.197068999999999939e+00
6.196456000000000408e+00
6.194587000000000288e+00
6.191637000000000057e+00
6.188780999999999644e+00
6.186252999999999780e+00
6.183469999999999800e+00
6.184574999999999712e+00
6.187585000000000335e+00
6.194526999999999894e+00
6.204150000000000276e+00
6.212950000000000195e+00
6.219128000000000434e+00
6.223489999999999966e+00
6.221931999999999796e+00
6.222103999999999857e+00
6.218431999999999960e+00
6.211625999999999870e+00
6.204272999999999705e+00
6.198970000000000091e+00
6.195081000000000060e+00
6.192027000000000392e+00
6.192897999999999570e+00
6.195560999999999652e+00
6.198546999999999585e+00
6.203305000000000291e+00
6.216433999999999571e+00
6.232783000000000406e+00
6.265808999999999962e+00
6.311317999999999984e+00
6.356470999999999982e+00
6.405567999999999707e+00
6.436886000000000330e+00
6.483183999999999614e+00
6.504588000000000036e+00
6.524956000000000422e+00
6.538465999999999667e+00
6.542254999999999932e+00
6.534254999999999924e+00
6.522217999999999627e+00
6.502547999999999995e+00
6.459055000000000213e+00
6.426885000000000403e+00
6.403126000000000317e+00
6.387061000000000099e+00
6.373205999999999705e+00
6.361220000000000319e+00
6.348498000000000197e+00
6.328834999999999766e+00
6.309937999999999825e+00
6.287054999999999616e+00
6.264573000000000391e+00
6.259972000000000314e+00
6.268622999999999834e+00
6.288522999999999641e+00
6.312422999999999895e+00
6.338203000000000031e+00
6.352509000000000405e+00
6.369454000000000171e+00
6.380531000000000397e+00
6.386205000000000354e+00
6.387762999999999636e+00
6.386917999999999651e+00
6.381311000000000178e+00
6.376773000000000025e+00
6.371825000000000294e+00
6.365441999999999823e+00
6.360863000000000156e+00
6.356510000000000105e+00
6.352593999999999852e+00
6.349205999999999683e+00
6.345901999999999710e+00
6.341817999999999955e+00
6.331065999999999860e+00
6.305621999999999616e+00
6.282409999999999606e+00
6.274300000000000210e+00
6.297447000000000017e+00
6.325414999999999566e+00
6.357224000000000430e+00
6.377042999999999573e+00
6.372751000000000055e+00
6.361138999999999655e+00
6.347859999999999836e+00
6.334823000000000093e+00
6.325731000000000215e+00
6.317549999999999777e+00
6.313494000000000383e+00
6.312184000000000239e+00
6.312221000000000082e+00
6.312115999999999616e+00
6.311644000000000254e+00
6.309760999999999953e+00
6.304851000000000205e+00
6.295975999999999573e+00
6.281659000000000326e+00
6.267492999999999981e+00
6.251407999999999632e+00
6.244725999999999999e+00
6.253146000000000093e+00
6.272655999999999565e+00
6.302019999999999733e+00
6.338471000000000188e+00
6.381812000000000040e+00
6.423668000000000156e+00
6.469114000000000253e+00
6.490069000000000088e+00
6.497252999999999723e+00
6.509818000000000104e+00
6.519773999999999958e+00
6.521486000000000338e+00
6.537836999999999676e+00
6.543472999999999651e+00
6.545612000000000208e+00
6.546928000000000303e+00
6.538806000000000118e+00
6.520094000000000278e+00
6.503140000000000143e+00
6.481120999999999910e+00
6.454273999999999845e+00
6.421759999999999913e+00
6.393079000000000178e+00
6.371766000000000041e+00
6.362999000000000294e+00
6.366228000000000442e+00
6.380758000000000152e+00
6.411270000000000024e+00
6.445422999999999902e+00
6.486765000000000114e+00
6.532874999999999766e+00
6.593238000000000376e+00
6.648310000000000386e+00
6.677092000000000027e+00
6.701372000000000106e+00
6.713148999999999589e+00
6.711395000000000444e+00
6.698356999999999672e+00
6.677254999999999718e+00
6.659342999999999790e+00
6.645398000000000138e+00
6.625106999999999857e+00
6.612892000000000436e+00
6.593895999999999979e+00
6.580447999999999631e+00
6.562829999999999941e+00
6.545239999999999725e+00
6.531983999999999568e+00
6.520265000000000200e+00
6.517268999999999757e+00
6.518837000000000437e+00
6.527295999999999765e+00
6.533843000000000067e+00
6.547601000000000226e+00
6.560952999999999591e+00
6.576548999999999978e+00
6.586630000000000429e+00
6.592240000000000322e+00
6.594057000000000279e+00
6.593137999999999721e+00
6.591135000000000410e+00
6.589064999999999728e+00
6.586780000000000079e+00
6.585093999999999781e+00
6.583679000000000059e+00
6.581692000000000320e+00
6.578692000000000206e+00
6.569365999999999595e+00
6.552144000000000190e+00
6.538352999999999859e+00
6.526201999999999614e+00
6.521906999999999677e+00
6.524810000000000443e+00
6.534536000000000122e+00
6.550532999999999717e+00
6.571229999999999905e+00
6.607914000000000065e+00
6.656298999999999744e+00
6.713513999999999982e+00
6.771288000000000196e+00
6.809188999999999936e+00
6.835950000000000415e+00
6.868274000000000434e+00
6.879398000000000124e+00
6.880695000000000228e+00
6.870669999999999611e+00
6.860135999999999790e+00
6.855017000000000138e+00
6.850646000000000235e+00
6.847372000000000014e+00
6.835412999999999961e+00
6.823571000000000275e+00
6.816498000000000168e+00
6.808589999999999698e+00
6.795136000000000287e+00
6.781443000000000332e+00
6.767344999999999722e+00
6.760710999999999693e+00
6.767525000000000013e+00
6.784391000000000282e+00
6.807466999999999935e+00
6.830915000000000070e+00
6.847499000000000002e+00
6.870232999999999812e+00
6.891618000000000244e+00
6.903021999999999991e+00
6.909817999999999572e+00
6.906967999999999996e+00
6.900780000000000136e+00
6.894275999999999627e+00
6.887887000000000093e+00
6.881386000000000003e+00
6.874882000000000382e+00
6.866825000000000401e+00
6.860495000000000232e+00
6.855165999999999649e+00
6.849497999999999642e+00
6.843893999999999700e+00
6.837449999999999584e+00
6.827930000000000277e+00
6.820649999999999658e+00
6.816949000000000147e+00
6.821626000000000190e+00
6.841228000000000087e+00
6.854992000000000196e+00
6.875390999999999586e+00
6.891427000000000191e+00
6.909838999999999842e+00
6.930480000000000196e+00
6.941170999999999758e+00
6.972553999999999697e+00
6.989035999999999582e+00
7.004603000000000357e+00
7.004806999999999562e+00
6.995544999999999902e+00
6.974833000000000283e+00
6.948425000000000296e+00
6.926938999999999957e+00
6.909392000000000422e+00
6.898608000000000295e+00
6.893550000000000288e+00
6.893127999999999922e+00
6.894663000000000430e+00
6.894351999999999592e+00
6.893920999999999744e+00
6.899258999999999808e+00
6.909257000000000204e+00
6.927480000000000082e+00
6.950180999999999720e+00
6.964605999999999852e+00
6.967223999999999862e+00
6.953190000000000204e+00
6.940591000000000399e+00
6.925025999999999904e+00
6.910877000000000159e+00
6.900547999999999682e+00
6.891413000000000011e+00
6.879228000000000343e+00
6.870790999999999649e+00
6.857139000000000095e+00
6.844310000000000116e+00
6.825847999999999693e+00
6.809244999999999770e+00
6.793460999999999750e+00
6.781996999999999609e+00
6.777448999999999835e+00
6.773731999999999864e+00
6.772289999999999921e+00
6.770470000000000432e+00
6.780095000000000205e+00
6.781728000000000200e+00
6.786351999999999940e+00
6.794863000000000319e+00
6.798332000000000264e+00
6.797597999999999807e+00
6.792563999999999602e+00
6.783348000000000155e+00
6.763761999999999830e+00
6.750212000000000323e+00
6.735801999999999623e+00
6.732826000000000199e+00
6.735635000000000261e+00
6.755722999999999701e+00
6.784360999999999642e+00
6.834805000000000241e+00
6.870034000000000418e+00
6.884160999999999753e+00
6.880627999999999744e+00
6.899778000000000411e+00
6.908821999999999797e+00
6.930185999999999957e+00
6.960071000000000119e+00
6.987381000000000064e+00
7.002309999999999590e+00
7.036800999999999640e+00
7.046267000000000280e+00
7.056007000000000140e+00
7.054782999999999582e+00
7.052173999999999943e+00
7.035091999999999679e+00
7.006034999999999791e+00
6.962404000000000259e+00
6.902480999999999867e+00
6.841491999999999685e+00
6.787306000000000061e+00
6.739181000000000310e+00
6.701655999999999835e+00
6.668218000000000423e+00
6.641570999999999891e+00
6.613081000000000209e+00
6.588199999999999612e+00
6.567819000000000074e+00
6.549749000000000265e+00
6.533630999999999744e+00
6.519370000000000331e+00
6.505156999999999634e+00
6.489325000000000010e+00
6.477538000000000018e+00
6.467477999999999838e+00
6.456064999999999721e+00
6.448239000000000054e+00
6.440985000000000404e+00
6.433041000000000231e+00
6.423995999999999817e+00
6.415059000000000289e+00
6.405550999999999995e+00
6.396626000000000367e+00
6.388682000000000194e+00
6.383761999999999937e+00
6.380954000000000015e+00
6.376596000000000153e+00
6.372457999999999956e+00
6.369354000000000404e+00
6.360153999999999641e+00
6.355465999999999838e+00
6.348588000000000342e+00
6.340315999999999619e+00
6.333694999999999631e+00
6.328467999999999982e+00
6.319230000000000125e+00
6.310069999999999624e+00
6.303031999999999968e+00
6.293700000000000294e+00
6.286628999999999579e+00
6.281316000000000344e+00
6.278469000000000300e+00
6.275064999999999671e+00
6.273799000000000348e+00
6.273844999999999672e+00
6.281330999999999776e+00
6.286757999999999846e+00
6.325158000000000058e+00
6.380177999999999905e+00
6.564333000000000418e+00
6.806187999999999683e+00
7.052903999999999840e+00
7.252939999999999721e+00
7.384742000000000139e+00
7.442803999999999753e+00
7.482040999999999720e+00
7.509309000000000012e+00
7.530192000000000441e+00
7.566667999999999950e+00
7.629260999999999626e+00
7.682299000000000433e+00
7.731861000000000317e+00
7.781144000000000283e+00
7.799388999999999683e+00
7.813886000000000109e+00
7.801121000000000194e+00
7.778501000000000332e+00
7.733168000000000042e+00
7.684063000000000088e+00
7.632967999999999975e+00
7.566628999999999827e+00
7.509394000000000347e+00
7.457057999999999964e+00
7.412907999999999831e+00
7.377042000000000321e+00
7.348453000000000124e+00
7.313768999999999743e+00
7.283932000000000073e+00
7.246325999999999823e+00
7.218549999999999578e+00
7.195935000000000414e+00
7.179783999999999722e+00
7.171224999999999739e+00
7.186822000000000266e+00
7.197817999999999827e+00
7.236734000000000222e+00
7.263289000000000328e+00
7.308735999999999677e+00
7.350589000000000262e+00
7.432348000000000177e+00
7.494334000000000273e+00
7.562682999999999822e+00
7.589349000000000345e+00
7.599251999999999896e+00
7.620131999999999906e+00
7.633867000000000402e+00
7.663961999999999719e+00
7.703822999999999865e+00
7.696532999999999625e+00
7.648119999999999585e+00
7.588309999999999889e+00
7.521730999999999945e+00
7.463872000000000284e+00
7.441798999999999609e+00
7.400189000000000128e+00
7.388031999999999933e+00
7.388694000000000095e+00
7.408132000000000161e+00
7.415878000000000192e+00
7.443338999999999928e+00
7.447598000000000162e+00
7.449798999999999616e+00
7.440704000000000207e+00
7.404927999999999955e+00
7.349154999999999660e+00
7.296192999999999707e+00
7.230641999999999570e+00
7.178759999999999586e+00
7.108306999999999931e+00
7.060565999999999676e+00
7.018677000000000277e+00
6.993128999999999706e+00
6.995803999999999689e+00
6.989062999999999803e+00
7.025221000000000160e+00
7.048466000000000342e+00
7.084182000000000201e+00
7.119347999999999566e+00
7.141827000000000147e+00
7.160694999999999588e+00
7.175131000000000370e+00
7.175869999999999749e+00
7.147381000000000206e+00
7.123718000000000217e+00
7.092919000000000196e+00
7.043371999999999744e+00
6.986735000000000362e+00
6.927513000000000254e+00
6.877813999999999872e+00
6.831625999999999976e+00
6.788363000000000369e+00
6.743602000000000096e+00
6.717458999999999847e+00
6.681264999999999787e+00
6.650991999999999571e+00
6.615692000000000128e+00
6.587265999999999622e+00
6.554482000000000141e+00
6.514189000000000007e+00
6.479028999999999705e+00
6.446792000000000300e+00
6.418487999999999971e+00
6.391797999999999647e+00
6.366621999999999559e+00
6.342782999999999838e+00
6.327225000000000321e+00
6.315029000000000003e+00
6.301953000000000138e+00
6.296376000000000417e+00
6.296316000000000024e+00
6.298958999999999975e+00
6.326522999999999897e+00
6.393838999999999828e+00
6.529954000000000036e+00
6.823012000000000299e+00
7.173864000000000019e+00
7.518582999999999572e+00
7.859100999999999893e+00
8.049445000000000405e+00
8.228865000000000762e+00
8.311216999999999189e+00
8.341651999999999845e+00
8.321377000000000024e+00
8.281529000000000806e+00
8.222410999999999248e+00
8.144688000000000372e+00
8.062290000000000845e+00
7.973595000000000432e+00
7.885201000000000349e+00
7.804119000000000028e+00
7.793268999999999558e+00
7.772890000000000299e+00
7.757420999999999900e+00
7.743146000000000306e+00
7.709769999999999790e+00
7.680564999999999642e+00
7.673137999999999792e+00
7.625822999999999574e+00
7.586325999999999681e+00
7.552813000000000443e+00
7.533369000000000426e+00
7.511313999999999602e+00
7.542571999999999832e+00
7.588724000000000025e+00
7.646543000000000312e+00
7.691622999999999877e+00
7.701653000000000304e+00
7.691557000000000421e+00
7.666241999999999557e+00
7.645158999999999594e+00
7.603817000000000270e+00
7.570215000000000138e+00
7.543673000000000073e+00
7.560692000000000412e+00
7.560120000000000395e+00
7.595492000000000132e+00
7.651099999999999568e+00
7.688524000000000136e+00
7.723989999999999689e+00
7.786635000000000417e+00
7.775096999999999703e+00
7.771683999999999592e+00
7.768304999999999794e+00
7.776335000000000441e+00
7.775689999999999991e+00
7.760665999999999620e+00
7.815527999999999587e+00
7.898532999999999582e+00
7.926199999999999690e+00
7.950866000000000433e+00
7.932417000000000051e+00
7.880830999999999698e+00
7.835347999999999757e+00
7.779818999999999818e+00
7.740375000000000227e+00
7.710149999999999615e+00
7.682322000000000095e+00
7.672131000000000256e+00
7.663897999999999655e+00
7.671732999999999691e+00
7.686308999999999614e+00
7.724976999999999983e+00
7.793817999999999913e+00
7.889425000000000132e+00
7.951459999999999972e+00
8.045569000000000415e+00
8.128244999999999720e+00
8.170330999999999122e+00
8.191691000000000500e+00
8.204406000000000532e+00
8.203763000000000361e+00
8.163525999999999172e+00
8.151927000000000589e+00
8.102724999999999511e+00
8.037255999999999290e+00
7.983023000000000202e+00
7.946125000000000327e+00
7.895605999999999902e+00
7.882755999999999652e+00
7.883810000000000429e+00
7.887745999999999924e+00
7.873281000000000418e+00
7.894838000000000022e+00
7.890114999999999768e+00
7.895973999999999826e+00
7.880959999999999965e+00
7.863636999999999766e+00
7.818219000000000030e+00
7.758182999999999829e+00
7.714481000000000144e+00
7.649399999999999977e+00
7.584247999999999656e+00
7.536578000000000443e+00
7.491234000000000393e+00
7.451309000000000182e+00
7.416269999999999918e+00
7.348765000000000214e+00
7.308847000000000094e+00
7.279243000000000130e+00
7.231857999999999898e+00
7.187649000000000399e+00
7.143918000000000212e+00
7.088471000000000188e+00
7.039722000000000257e+00
6.999187000000000047e+00
6.965694000000000052e+00
6.928781999999999996e+00
6.887904999999999944e+00
6.850101999999999691e+00
6.818391000000000091e+00
6.778598999999999819e+00
6.737140000000000128e+00
6.700635000000000119e+00
6.665879000000000332e+00
6.633305000000000007e+00
6.605684000000000111e+00
6.602000000000000313e+00
